# MODEL: Baseline_MLP_init | VER: 0
------------------------------------------------------------------------------------------------------------------------

[fc1.weight] shape=[8, 4]
       -0.2636      -0.2734       0.3005      -0.3308
       -0.2350       0.2720      -0.3718       0.2452
        0.3045       0.1357       0.0896       0.1933
        0.3782       0.0407      -0.3600       0.4613
        0.3666      -0.0116      -0.2923      -0.1937
       -0.4415       0.3314      -0.0434       0.3445
        0.1883      -0.0992      -0.3197       0.1740
       -0.3208      -0.1111       0.2972      -0.2723

[fc1.bias] shape=[8]
       -0.0245      -0.0679       0.0573       0.4814       0.2923      -0.1877       0.4425      -0.1626

[fc2.weight] shape=[9, 8]
        0.1456       0.1463      -0.0107      -0.3290       0.3324      -0.0817       0.2408      -0.2121
       -0.0361       0.3031      -0.3068       0.0136      -0.0046      -0.3022      -0.0685      -0.3241
        0.0764       0.0595       0.2023       0.0088      -0.1424      -0.1275      -0.1320       0.2750
        0.1133      -0.3520       0.0632      -0.0472       0.2579      -0.1034       0.3086       0.1093
       -0.3185       0.0744      -0.0807       0.1770      -0.3035      -0.0259       0.2337       0.1253
        0.1664       0.2993       0.1444       0.1149       0.0729       0.0233       0.3077      -0.0815
        0.0465       0.0049      -0.0977       0.2585       0.0198      -0.3007       0.2398      -0.1170
        0.0346      -0.3206       0.1403      -0.2425      -0.0401       0.3035       0.0846       0.2948
       -0.1916      -0.3289      -0.2831      -0.1211      -0.1101      -0.0240       0.2022       0.3083

[fc2.bias] shape=[9]
       -0.3468      -0.2051       0.3039      -0.0590      -0.0997      -0.3476      -0.0578      -0.3142       0.2995

[out.weight] shape=[9, 3] [TRANSPOSED]
       -0.1529       0.1217      -0.0078
       -0.1029      -0.2522       0.2576
        0.0621      -0.2136       0.2920
        0.1514      -0.0250       0.2779
        0.2912      -0.1106       0.2205
       -0.0564       0.0118       0.1830
       -0.2488       0.1256       0.3304
        0.2912       0.0327      -0.3098
       -0.0707      -0.1445      -0.2921

[out.bias] shape=[3]
        0.1991       0.3204      -0.2358

