# MODEL: Baseline_MLP_trained | VER: 1
------------------------------------------------------------------------------------------------------------------------

[fc1.weight] shape=[8, 4]
       -0.2636      -0.2734       0.3005      -0.3308
       -0.2350       0.2720      -0.3718       0.2452
        0.1821      -0.2549       0.7287       0.9106
        0.6719      -0.2978       0.1885       1.0630
        0.8532       0.6340      -0.9683      -1.0193
       -0.4415       0.3314      -0.0434       0.3445
        0.0491      -0.2372      -0.4526       0.1407
       -0.3208      -0.1111       0.2972      -0.2723

[fc1.bias] shape=[8]
       -0.0245      -0.0679      -0.5934       0.1261       1.0418      -0.1877       0.3040      -0.1626

[fc2.weight] shape=[9, 8]
        0.1456       0.1463      -0.0817      -0.4073       0.2482      -0.0817       0.2408      -0.2121
       -0.0361       0.3031      -0.3068       0.0136      -0.0046      -0.3022      -0.0685      -0.3241
        0.0764       0.0595       0.7586      -0.1127      -0.8593      -0.1275      -0.2520       0.2750
        0.1133      -0.3520      -0.3628      -0.1892       0.8550      -0.1034       0.3866       0.1093
       -0.3185       0.0744       0.3475       0.3896      -1.2501      -0.0259       0.2337       0.1253
        0.1664       0.2993       0.6969       0.4233      -0.3036       0.0233       0.1898      -0.0815
        0.0465       0.0049       0.4054       0.6339      -0.3229      -0.3007       0.1145      -0.1170
        0.0346      -0.3206       0.1403      -0.2425      -0.0401       0.3035       0.0846       0.2948
       -0.1916      -0.3289      -0.2831      -0.1211      -0.1101      -0.0240       0.2022       0.3083

[fc2.bias] shape=[9]
       -0.4230      -0.2051      -0.3533       0.2705      -0.5252      -0.4203      -0.1415      -0.3142       0.2995

[out.weight] shape=[9, 3] [TRANSPOSED]
        0.0120      -0.0379      -0.1798
       -0.1029      -0.2522       0.2576
       -0.3950      -0.1279       1.0418
        0.8700      -0.7406      -0.4277
       -0.0466      -1.1676       1.2158
       -0.5237       0.5418       0.3853
       -0.5956       0.6243       0.2337
        0.2912       0.0327      -0.3098
       -0.0707      -0.1445      -0.2921

[out.bias] shape=[3]
        0.7898       0.9456      -1.0238

