visual-iris\levels\da_Pretrained_Iris\pca3_FLD_1.py 

Accuracy : 114 / 150 -> 76.00%
Zero-Training Accuracy: 76.00%
42.) 0 	 [[ 0.2769133   0.45673913 -1.2098091 ]] 	 1
51.) 1 	 [[ 0.0237413  -0.03624469  0.02062807]] 	 0
52.) 1 	 [[-0.01094025 -0.01094025  0.02735063]] 	 2
53.) 1 	 [[-0.07801652 -0.07801652  0.1950413 ]] 	 2
54.) 1 	 [[-0.05848277 -0.05848277  0.14620692]] 	 2
55.) 1 	 [[-0.07845122 -0.07845122  0.19612804]] 	 2
56.) 1 	 [[-0.07622826 -0.07622826  0.19057065]] 	 2
57.) 1 	 [[-0.04617274 -0.04617274  0.11543185]] 	 2
59.) 1 	 [[-0.04574001 -0.04574001  0.11435002]] 	 2
60.) 1 	 [[-0.0066306 -0.0066306  0.0165765]] 	 2
61.) 1 	 [[-0.00284714 -0.00284714  0.00711784]] 	 2
62.) 1 	 [[-0.00206536 -0.00206536  0.0051634 ]] 	 2
63.) 1 	 [[-0.02873194 -0.02873194  0.07182986]] 	 2
64.) 1 	 [[-0.09167165 -0.09167165  0.22917911]] 	 2
66.) 1 	 [[ 0.06194647 -0.01371285 -0.06204193]] 	 0
67.) 1 	 [[-0.06913745 -0.06913745  0.17284364]] 	 2
69.) 1 	 [[-0.15152907 -0.15152907  0.37882268]] 	 2
71.) 1 	 [[-0.10915715 -0.10915715  0.27289286]] 	 2
73.) 1 	 [[-0.1813674 -0.1813674  0.4534185]] 	 2
74.) 1 	 [[-0.0894528  -0.0894528   0.22363201]] 	 2
76.) 1 	 [[-0.00341684 -0.00341684  0.00854209]] 	 2
77.) 1 	 [[-0.09563386 -0.09563386  0.23908466]] 	 2
78.) 1 	 [[-0.13308525 -0.13308525  0.33271313]] 	 2
79.) 1 	 [[-0.0665735  -0.0665735   0.16643375]] 	 2
84.) 1 	 [[-0.21124828 -0.21124828  0.5281207 ]] 	 2
85.) 1 	 [[-0.07705313 -0.07705313  0.19263282]] 	 2
86.) 1 	 [[-0.00798005 -0.00798005  0.01995012]] 	 2
87.) 1 	 [[-0.04913318 -0.04913318  0.12283295]] 	 2
88.) 1 	 [[-0.10041839 -0.10041839  0.25104597]] 	 2
90.) 1 	 [[-0.03194809 -0.03194809  0.07987022]] 	 2
91.) 1 	 [[-0.0845359  -0.0845359   0.21133974]] 	 2
92.) 1 	 [[-0.06000489 -0.06000489  0.15001222]] 	 2
95.) 1 	 [[-0.0382548  -0.0382548   0.09563699]] 	 2
97.) 1 	 [[-0.00776231 -0.00776231  0.01940578]] 	 2
98.) 1 	 [[-0.00637281 -0.00637281  0.01593202]] 	 2
100.) 1 	 [[-0.00263011 -0.00263011  0.00657529]] 	 2
Zero-Training Testing: We got 114 RIGHT, out of 150!
Epoch: 0 and loss: 0.7668805718421936
Epoch: 50 and loss: 0.6734647750854492
Epoch: 100 and loss: 0.5999810695648193
Epoch: 150 and loss: 0.5407283306121826
Epoch: 200 and loss: 0.492372065782547
Epoch: 250 and loss: 0.4523829519748688
*** Train data loss[300]: 0.41948679089546204
69.) 1 	 [[-0.9700191   0.41538462  0.62017304]] 	 2
73.) 1 	 [[-1.0346953   0.33681744  0.73615515]] 	 2
78.) 1 	 [[-0.9300411  0.463949   0.5484815]] 	 2
84.) 1 	 [[-1.0994637   0.25813824  0.85230273]] 	 2
Training: We got 146 RIGHT, out of 150!
*** Final achieved loss: 0.4188702702522278 after 300 epochs
W3 = 
 [[12.4323845 -2.5605826 -4.335108 ]
 [-7.4600825  2.536487  -5.266192 ]
 [-7.1550903 -4.231237   7.774039 ]]
b3 = [-0.64157164  0.8143752   0.03117656]
